1
165 298
21 34
115 12
79 102
116 150
40 94
51 54
159 72
35 42
114 98
14 30
133 68
101 72
163 132
165 144
162 84
125 1
18 78
15 162
102 54
81 50
82 138
7 80
64 28
164 38
64 154
25 100
41 92
102 52
39 92
32 56
158 64
79 106
57 150
102 132
42 28
102 58
90 100
104 40
103 102
117 64
2 50
117 146
105 130
97 110
12 32
155 154
152 92
23 44
94 58
121 86
144 98
27 66
113 10
62 14
143 26
72 26
101 128
22 14
13 14
132 124
115 90
154 60
27 84
83 158
34 50
120 112
27 118
108 116
150 66
81 136
67 126
109 86
164 128
122 92
140 30
159 122
137 98
142 64
12 124
123 96
58 162
150 138
154 34
159 102
132 100
8 72
123 90
40 58
84 144
121 146
47 108
25 32
163 100
43 38
36 94
73 132
116 134
67 134
23 32
63 32
112 74
21 100
90 54
81 116
48 82
34 6
3 12
156 130
38 154
112 156
54 80
95 34
123 62
60 54
161 156
112 158
73 46
96 64
99 76
10 28
1 146
41 152
117 18
35 26
59 128
63 54
40 144
93 66
75 78
109 1
116 70
157 120
115 110
51 150
143 116
15 160
9 54
120 156
42 10
45 70
125 58
119 48
5 76
31 46
92 8
39 94
125 22
115 54
117 124
162 38
71 90
10 150
81 94
87 106
109 136
150 132
89 134
142 14
151 164
111 96
68 56
142 36
122 164
150 148
56 6
49 104
98 32
147 94
1 80
58 134
16 8
30 56
66 144
143 128
22 94
98 82
17 26
35 78
72 80
142 64
35 18
122 100
125 24
143 164
151 52
142 80
156 1
117 104
122 30
132 64
53 26
2 34
36 160
158 150
124 8
54 38
81 44
137 120
87 138
126 127
48 134
104 30
115 70
63 2
102 92
90 72
3 72
58 92
23 108
90 160
120 138
83 114
10 52
144 108
101 114
108 154
117 96
14 40
160 48
95 38
119 36
151 136
23 74
65 98
146 78
71 26
105 92
145 138
77 10
24 122
149 48
23 2
92 134
103 18
91 96
11 22
70 152
96 162
94 88
75 122
1 42
144 52
145 74
75 38
152 88
139 132
78 50
15 60
131 78
83 22
72 44
1 126
120 136
41 42
82 74
18 19
155 32
27 144
155 28
99 40
32 102
3 162
81 16
154 108
5 114
150 10
131 68
163 90
50 64
64 158
31 102
73 38
83 68
64 14
87 100
15 36
137 34
114 42
61 80
54 62
99 74
154 28
133 12
161 86
79 158
79 82
10 146
150 48
72 6
107 92
88 80
19 8
162 10
118 58
99 10
84 94
59 86
93 84
152
515 804
12 344
387 256
507 508
258 300
222 132
12 264
219 1
51 284
297 452
315 272
132 272
270 468
66 356
345 236
93 20
294 168
396 264
405 104
273 260
252 512
249 480
462 248
219 168
219 236
333 248
402 488
42 268
180 164
279 464
39 80
480 140
150 220
18 476
138 416
69 384
297 232
135 84
102 428
399 132
141 232
300 400
312 388
489 244
258 424
132 248
51 220
207 488
90 140
306 176
87 260
174 228
57 300
18 332
36 404
66 308
18 128
252 172
354 300
474 196
345 192
246 4
405 228
348 64
480 208
276 112
228 324
1 436
183 344
204 300
264 112
216 212
225 248
114 124
288 240
312 260
456 292
456 296
84 136
429 456
78 396
465 140
504 80
327 504
492 60
339 364
237 72
258 280
264 340
159 308
21 36
99 192
69 68
414 16
117 440
321 420
240 360
312 124
168 488
12 60
123 380
18 256
264 488
438 172
108 220
102 12
318 492
471 268
345 488
120 388
492 24
504 400
72 84
237 64
12 392
438 424
234 112
318 368
504 480
486 208
381 432
279 336
27 296
180 264
180 140
438 64
468 44
138 72
348 144
1 484
36 124
48 464
195 336
69 452
450 400
453 196
318 292
366 452
207 396
222 472
489 140
477 28
342 48
384 284
132 412
225 112
411 476
225 480
90 132
309 8
390 152
351 216
180 228
348 192
375 8
342 36
321 508
492 364
42 176
441 212
366 188
297 260
258 252
54 396
372 80
48 100
48 240
216 88
27 476
3 160
171 360
75 300
408 312
390 264
495 508
345 200
228 392
387 188
393 388
348 396
105 312
309 500
147 452
201 296
15 192
153 460
258 164
261 424
69 364
270 92
234 424
312 88
219 84
342 64
411 348
192 288
333 260
9 88
24 272
444 36
279 272
45 40
93 276
396 344
189 260
321 88
495 152
222 496
342 72
513 456
249 312
345 16
312 200
453 340
39 288
231 448
252 404
267 436
492 332
453 404
60 56
228 368
222 504
315 244
438 76
177 1
327 276
471 440
129 484
378 20
339 508
357 484
105 340
504 352
447 428
210 424
345 144
24 28
390 436
96 488
147 144
483 436
180 432
102 228
420 504
183 100
45 116
351 272
315 168
258 312
153 344
477 372
129 332
36 496
72 132
384 64
237 144
192 292
381 152
474 252
135 108
99 136
489 304
39 460
510 48
51 196
483 64
141 224
48 380
360 236
279 368
75 12
399 12
243 292
258 288
408 232
204 380
189 472
210 268
123 156
390 212
42 28
276 156
294 344
474 248
72 432
96 444
309 476
6 272
312 396
342 224
351 152
144 416
450 296
177 444
297 24
486 188
183 220
198 236
324 208
210 484
129 84
507 504
123 60
513 364
111 56
90 188
375 264
186 412
15 92
114 300
411 348
495 96
219 164
351 244
432 456
117 420
405 132
336 252
423 216
429 184
153 152
186 228
60 312
195 380
453 96
408 156
261 264
444 512
48 36
171 64
249 64
402 232
270 108
438 236
51 336
330 88
252 152
45 452
18 48
219 404
327 40
21 408
417 72
3 156
72 404
264 176
219 76
390 168
279 64
150 48
414 344
348 248
54 436
261 280
486 260
198 124
57 44
486 356
441 80
486 136
510 168
1 220
114 384
441 36
420 324
480 508
456 160
258 4
210 356
324 356
294 332
231 416
255 368
66 20
231 480
105 88
162 40
459 300
66 372
291 360
498 184
339 192
21 368
9 60
288 312
246 112
1 296
411 292
450 120
267 400
225 176
366 232
420 356
147 464
27 80
195 60
267 368
372 196
258 136
21 160
9 448
444 344
483 192
294 256
285 224
318 112
486 148
291 96
405 300
102 316
450 68
42 320
9 316
339 400
42 320
318 120
459 400
90 364
3 332
267 108
447 316
267 168
303 352
288 44
243 220
93 436
498 260
396 332
159 384
84 240
312 228
27 216
108 328
348 212
393 512
375 372
282 304
333 364
318 364
243 132
408 476
99 440
351 204
408 268
429 28
114 260
279 92
372 408
363 148
285 508
156 28
462 348
282 228
21 312
141 24
342 100
159 144
81 24
9 96
99 368
363 132
90 40
132 140
375 88
156 164
366 144
39 496
507 184
177 400
39 76
399 472
30 16
408 376
507 500
129 404
321 44
150 304
375 264
60 488
6 392
339 176
483 16
312 324
171 104
381 488
186 320
468 152
138 28
336 8
264 288
321 52
333 328
273 280
462 272
96 480
402 340
189 504
183 452
495 120
258 12
132 304
447 352
84 216
303 88
129 328
246 328
195 292
288 132
15 196
171 124
195 116
138 184
324 452
27 172
210 236
207 20
384 52
258 72
375 280
321 488
141 324
111 216
174 328
450 372
195 456
282 464
117 304
504 116
318 356
51 32
330 8
60 48
117 456
54 100
186 484
60 296
363 140
171 136
510 396
171 364
42 304
330 464
474 32
369 20
78 44
234 320
180 64
222 352
333 324
456 348
192 208
399 464
399 196
471 88
180 100
150 272
321 164
216 268
354 224
120 496
180 392
249 100
63 268
36 484
513 264
324 292
177 504
171 204
381 8
171 400
54 468
204 324
261 68
183 352
18 264
147 276
273 84
408 320
399 236
396 68
330 128
393 252
261 252
228 484
414 140
219 316
306 472
372 316
237 324
441 492
501 68
279 104
3 8
255 452
225 364
63 92
219 32
153 488
432 268
369 148
177 384
366 436
219 388
327 364
393 84
456 408
243 68
144 412
216 412
177 164
243 280
420 328
456 484
93 176
99 344
387 176
237 288
501 276
93 232
81 20
57 312
372 20
84 60
21 152
183 140
51 368
147 12
45 356
429 328
192 240
345 416
54 336
453 48
12 328
384 296
234 64
429 176
183 220
192 112
207 416
1 484
456 360
108 240
372 224
195 348
240 1
306 416
153 460
126 1
450 248
501 356
177 188
282 144
483 304
24 32
438 300
408 176
69 420
102 356
453 436
81 44
330 264
174 36
249 460
93 356
300 32
174 204
147 160
387 44
129 280
210 292
93 8
261 268
138 120
441 284
6 404
426 476
342 244
141 264
66 60
351 436
78 388
141 276
24 464
471 100
48 484
168 204
93 76
441 152
447 404
273 468
417 392
72 392
303 504
243 416
495 472
471 472
228 28
273 120
495 108
117 156
321 300
153 124
126 204
279 124
75 472
231 72
174 348
15 472
90 400
321 208
21 20
177 440
465 68
246 452
381 236
30 196
120 340
6 152
156 300
447 104
327 504
198 328
471 32
153 388
219 512
294 260
204 192
393 332
510 400
369 444
186 1
75 80
492 128
405 404
282 84
237 148
255 240
378 288
90 440
60 192
321 344
246 48
456 228
507 272
294 88
420 444
393 304
465 452
51 168
456 96
441 120
126 452
246 132
459 172
3 448
330 84
33 104
237 208
348 472
240 264
246 204
177 284
447 60
291 416
231 384
306 128
72 16
345 440
21 64
90 204
192 424
201 396
351 472
156 488
117 52
411 448
426 212
75 196
444 445
189 500
456 136
39 512
156 484
261 328
456 116
453 364
39 160
213 436
330 512
189 124
42 232
108 332
486 428
174 36
84 256
267 340
327 268
459 100
105 500
348 200
174 188
330 508
93 168
76
